431759
1988771
7137491
7970950
10532404
11523129
14103368
16859326
17059851
18545147
22118838
25213590
25549672
25823344
26764835
28282082
28403966
30027278
30587103
31410324
31698101
32177959
34276026
37346474
39173131
40407203
42006386
46680231
47638305
48268735
48418528
51004412
51872104
52314507
52997809
60230688
62742602
62962516
64799498
65102988
65423800
69572619
69608180
70848702
72580183
78954274
87218891
87669501
94428396
95225425
96057130
96411900
97021552
97751295
97866701
99102844
102019573
104136624
104406416
106536964
111256312
114132807
117150931
122562032
125305957
127277336
128487369
128689766
133725223
133892109
134010258
137599814
143374596
145090550
145793441
145859500
150312308
154929309
157367821
158703303
160731291
163937030
164132123
165750592
166426696
169765357
170665320
171143135
174095851
174693288
180214694
182521678
182772638
183333275
183694617
186308625
188694681
188735190
189289270
189728791
193008181
196728215
202361133
203167952
203559242
203953800
204526999
210750813
211924750
213560905
219046409
219081454
219426393
220111027
221894210
222393837
223338715
224101820
226354070
227801802
241792316
244470168
248028818
249890110
250031622
250468199
255096076
256128273
257142596
257781523
257976863
258039623
258224386
260056415
263125235
264565317
267815212
268537650
272715157
276071420
276824258
277147023
278982659
280919705
287645934
289146914
293994892
295445592
298253579
298599781
299752833
300067477
310501108
311949724
312560283
312731630
312808360
315262713
315617757
317551985
319467961
320625695
325134727
332529605
332677608
335898717
337178210
337415649
338129523
338659437
340443880
340732508
340870386
346122199
346218766
349250174
349797855
351090528
352405259
358788805
359763998
362987333
363927657
369587442
370482082
372045359
373387039
374329415
380793289
381841007
389150431
392788014
393316337
397105885
397402149
397664767
399178167
399546778
402964323
403946669
408267769
411216532
412707883
416944984
419302765
419425506
427048322
428494706
431048990
432125232
433726545
435117959
439303277
439788333
442136836
444694780
445122415
447014932
448153398
448731845
450357339
450704523
456740932
460926412
461172401
466588727
469272504
471344786
473109914
473235493
476570685
481381732
482099501
482118663
482506835
483619503
484730882
487511643
488887223
495617014
497347821
497891300
499966115
500148821
500358309
503223936
504145617
504163625
506171723
507981009
509006497
509867284
510822197
514426946
515156837
516370637
521110266
528136302
530019324
531834872
535310566
535494773
536072836
541140897
542134050
544286026
548143689
549960500
550909463
551478819
555212395
558291864
558809757
561101266
561133911
563081695
565070466
567108133
567744239
569372601
569950956
570277135
570643099
576729002
576837011
582583045
585511432
587983317
592786911
593731997
594782449
595374247
595396801
598480385
601471346
607016888
608588507
612024519
612484463
614157234
616298753
617131141
621022659
621244706
622390716
626469239
626703791
629890709
631291846
631551904
637553366
638860506
641167865
642322806
643965792
644768009
646102196
646401138
648459001
650437821
652916656
657388586
657512412
658464115
661425855
663303494
664828828
667516252
669283998
669463688
670962332
672147946
672150656
672287361
673401649
676730036
680389694
684575133
684781636
685908732
686566272
686739321
689025528
689210507
692855000
694647707
695292331
695757290
695916607
697344062
699586080
704714054
709605802
710832761
716177578
717886521
718016451
718131228
721385156
722721314
723410267
729897973
733080600
733508400
739882436
742933969
744227653
744306781
745212087
745300366
745403256
746652323
749997737
750313471
755058512
755187660
757124069
757404236
757516040
757835995
758582861
759231858
765416654
765726127
766425620
769223361
771172568
773571814
777899174
779193028
783557837
785801991
786974972
787151347
789544521
792080918
797252116
799363635
799382102
800155968
804516227
805739536
808036957
808264067
810671700
811142451
814908073
829385088
834047661
838745692
841784624
844765348
847632468
849008645
849419273
852287124
852348978
852698781
854722881
856999615
857018536
859519982
859982613
861103082
861185095
862238499
863462067
865183159
867462512
868422070
871929472
877282469
879413308
880251405
880285967
880593449
880673295
883670809
887829120
890761403
890840053
895217000
898045985
899816087
906769721
908660022
910707478
912276190
916654217
917249224
917667345
919618215
922924051
923821516
924245000
925029677
927819530
927909680
928301568
929092602
929244976
932215951
933498046
934336671
938008474
938361990
939493727
941704395
942614756
943001448
943279367
944218506
953040936
957514982
957989914
959263838
964174368
966634364
968402911
970391682
975595224
976549256
976856547
977621394
979304386
979648349
980585391
981108410
984409672
986895940
988891158
991776307
992055118
992214067
993012668
993728734
996198994
997715822
999210288
1001466970
1003979781
1008146199
1009416801
1017181658
1019586845
1020562409
1021888115
1022359110
1024047891
1026110905
1029123346
1030321141
1035609230
1035736518
1036601669
1037821735
1038289016
1039148065
1040366042
1040381803
1041969801
1048501998
1049184908
1055602030
1057146196
1060366216
1060993534
1066518109
1079299367
1083924096
1086775346
1087797828
1089043266
1089518777
1092374095
1093014401
1099351008
1099404421
1103531826
1105420638
1105915488
1110328964
1110389521
1114672661
1116185124
1116604361
1119966684
1121782607
1124360539
1125634410
1127560972
1127611045
1127633090
1128713460
1129387927
1132543545
1136179497
1136837346
1137871718
1138431796
1139332127
1141372591
1141377870
1144048090
1144140701
1149406142
1155485154
1160015865
1160913292
1161392446
1165205833
1167844688
1169417618
1174008267
1176703227
1183806126
1185619201
1188462829
1196116780
1197115855
1198681320
1199027956
1200766313
1201972618
1202320505
1207444338
1209534502
1210791051
1212878089
1216596446
1221323456
1223733937
1226713890
1227004924
1232504572
1234608310
1234896170
1237177175
1240424872
1241665840
1241775535
1243766172
1244968761
1245812068
1246666753
1247705273
1250419437
1252554596
1253253319
1254269660
1259487642
1260131264
1260841058
1264735533
1267100516
1270686082
1275889311
1276460636
1276614697
1278682720
1290119218
1290619929
1294968239
1297928372
1297970215
1300703083
1303167474
1304359357
1304869104
1304937446
1310455262
1315817135
1315832251
1319074751
1320616727
1321970018
1324874178
1325142180
1326355561
1326889827
1326909744
1327748113
1333324952
1337908768
1338957196
1347140346
1349568355
1350926182
1356515262
1356659006
1360237658
1360847946
1366076680
1372801323
1374977860
1378897569
1380055392
1382081345
1385519766
1385646549
1387454041
1388195519
1392273802
1393130213
1396382424
1399377962
1399750726
1400959438
1401100775
1402106839
1406182608
1408238237
1409432633
1411883958
1413974612
1420124585
1424733419
1425873633
1430082002
1430336838
1431289836
1436759643
1438820249
1439852036
1449534904
1449842509
1451582574
1453700285
1454760697
1456855742
1458070904
1458565954
1460437045
1461025343
1462909711
1464059107
1464550224
1465030963
1467886181
1470297158
1472320203
1477865887
1478263242
1480429612
1481095077
1481850672
1487151136
1492028034
1492307544
1493508941
1497326229
1499150324
1499808558
1501306801
1501743694
1502911774
1504519755
1507431524
1507775261
1508550288
1509200673
1512252136
1512759998
1513619486
1517836019
1519254185
1519897975
1520679693
1522198825
1522206804
1527926494
1528393420
1528735961
1530153683
1531571730
1531843472
1535462149
1544490349
1550554137
1554208687
1554529799
1555973457
1557614174
1559163252
1564298081
1566104755
1567495925
1567672713
1567832155
1581282115
1582046855
1583417712
1591336443
1591528395
1591595795
1591746472
1592748874
1593223700
1593360040
1596219789
1598344141
1600431703
1606038255
1606753505
1607896972
1609559323
1612667523
1618309164
1621844327
1623318123
1625167941
1630488659
1631586779
1636934064
1642005047
1649147209
1650567586
1650710454
1658931277
1664290974
1669711547
1673476785
1673941585
1679075617
1681793733
1682392395
1682769995
1683516225
1685727643
1686155059
1686256891
1688101204
1691733795
1692137919
1700439705
1709075258
1709978537
1714640675
1715155670
1717430715
1721418484
1725002362
1728508262
1728538120
1737979109
1743092631
1744026002
1745117582
1747224965
1748134685
1749167038
1754972303
1757057870
1760054370
1763183007
1765422355
1768561174
1770688069
1773350999
1775819187
1776926790
1781872840
1785970693
1786070802
1787020719
1787255154
1787633411
1791284028
1795024305
1801049625
1804257268
1805573500
1807631708
1810416046
1810505323
1811040827
1812003594
1819028882
1819051823
1823131259
1827881733
1829470858
1829684777
1833524522
1835064935
1839630962
1843953437
1844250364
1847001917
1848984723
1852132277
1857177843
1860158567
1860630484
1861665044
1865961318
1869331960
1871730792
1876302719
1876879313
1876908026
1879664526
1885561506
1886872117
1887434069
1894275611
1894288582
1894499052
1896058465
1899694310
1900604449
1903520404
1908639051
1909649221
1909797589
1910725371
1910977959
1914248556
1916252418
1917632830
1920068402
1920764935
1921381769
1924052612
1925041819
1925233225
1925278174
1927605927
1929175293
1930125056
1932504581
1932565014
1932782409
1933885523
1941004259
1944147062
1944498580
1945027178
1946339174
1954579944
1955425549
1955525522
1955976159
1957287146
1958161326
1958328638
1961186375
1961871701
1962216521
1963230956
1963714058
1969187643
1973253874
1974437580
1974604466
1975884575
1979707062
1982386947
1984582731
1985863599
1988335599
1988981356
1990338896
1993816900
1995796226
2007490922
2010938948
2011535416
2012746267
2017203670
2019311280
2019859474
2021761002
2035832016
2037050330
2037054260
2038068639
2038357664
2041233678
2041295864
2042031351
2042620889
2043291893
2044157961
2045610127
2046284346
2048663059
2049049205
2049772214
2053662662
2057707348
2059710474
2060137082
2062038792
2063616039
2064367363
2064429751
2069812957
2072891202
2075400467
2079235576
2081776071
2083600332
2084508225
2084939984
2090259194
2093235378
2093315447
2094124629
2095100302
2096447636
2096479310
2100257566
2100452938
2101279904
2104362562
2108162804
2109617029
2111180709
2111304146
2113948711
2114693327
2116206326
2116595564
2118535720
2121590833
2123382384
2125128007
2126941189
2130024368
2135057657
2136536940
2137646067
2138123527
2138297300
2141547498
2143709654
2144502924
2144519650
2147316762
